blockDim.x=16 blockDim.y=1    grid = 1 x 14
numBlocks = 14,  threadsPerBlock = 100   shared_mem_size = 288
5.00 5.00 5.00 5.00 5.00 5.00 5.00 5.00 5.00 5.00 5.00 5.00 5.00 5.00 5.00 5.00 
5.00 1.00 1.00 1.00 1.00 1.00 1.00 1.00 1.00 1.00 1.00 1.00 1.00 1.00 1.00 5.00 
5.00 1.00 1.00 1.00 1.00 1.00 1.00 1.00 1.00 1.00 1.00 1.00 1.00 1.00 1.00 5.00 
5.00 1.00 1.00 1.00 1.00 1.00 1.00 1.00 1.00 1.00 1.00 1.00 1.00 1.00 1.00 5.00 
5.00 1.00 1.00 1.00 1.00 1.00 1.00 1.00 1.00 1.00 1.00 1.00 1.00 1.00 1.00 5.00 
5.00 1.00 1.00 1.00 1.00 1.00 1.00 1.00 1.00 1.00 1.00 1.00 1.00 1.00 1.00 5.00 
5.00 1.00 1.00 1.00 1.00 1.00 1.00 1.00 1.00 1.00 1.00 1.00 1.00 1.00 1.00 5.00 
5.00 1.00 1.00 1.00 1.00 1.00 1.00 1.00 1.00 1.00 1.00 1.00 1.00 1.00 1.00 5.00 
5.00 1.00 1.00 1.00 1.00 1.00 1.00 1.00 1.00 1.00 1.00 1.00 1.00 1.00 1.00 5.00 
5.00 1.00 1.00 1.00 1.00 1.00 1.00 1.00 1.00 1.00 1.00 1.00 1.00 1.00 1.00 5.00 
5.00 1.00 1.00 1.00 1.00 1.00 1.00 1.00 1.00 1.00 1.00 1.00 1.00 1.00 1.00 5.00 
5.00 1.00 1.00 1.00 1.00 1.00 1.00 1.00 1.00 1.00 1.00 1.00 1.00 1.00 1.00 5.00 
5.00 1.00 1.00 1.00 1.00 1.00 1.00 1.00 1.00 1.00 1.00 1.00 1.00 1.00 1.00 5.00 
5.00 1.00 1.00 1.00 1.00 1.00 1.00 1.00 1.00 1.00 1.00 1.00 1.00 1.00 1.00 5.00 
5.00 1.00 1.00 1.00 1.00 1.00 1.00 1.00 1.00 1.00 1.00 1.00 1.00 1.00 1.00 5.00 
5.00 5.00 5.00 5.00 5.00 5.00 5.00 5.00 5.00 5.00 5.00 5.00 5.00 5.00 5.00 5.00 

5.00 5.00 5.00 5.00 5.00 5.00 5.00 5.00 5.00 5.00 5.00 5.00 5.00 5.00 5.00 5.00 
5.00 4.20 3.82 3.61 3.49 3.43 3.39 3.37 3.37 3.39 3.43 3.49 3.61 3.82 4.20 5.00 
5.00 3.82 3.15 2.77 2.55 2.43 2.36 2.33 2.33 2.36 2.43 2.55 2.77 3.15 3.82 5.00 
5.00 3.61 2.77 2.27 1.97 1.80 1.70 1.65 1.65 1.70 1.80 1.97 2.27 2.77 3.61 5.00 
5.00 3.49 2.55 1.97 1.62 1.40 1.29 1.23 1.23 1.29 1.40 1.62 1.97 2.55 3.49 5.00 
5.00 3.43 2.43 1.80 1.40 1.17 1.03 0.97 0.97 1.03 1.17 1.40 1.80 2.43 3.43 5.00 
5.00 3.39 2.36 1.70 1.29 1.03 0.89 0.83 0.83 0.89 1.03 1.29 1.70 2.36 3.39 5.00 
5.00 3.37 2.33 1.65 1.23 0.97 0.83 0.76 0.76 0.83 0.97 1.23 1.65 2.33 3.37 5.00 
5.00 3.37 2.33 1.65 1.23 0.97 0.83 0.76 0.76 0.83 0.97 1.23 1.65 2.33 3.37 5.00 
5.00 3.39 2.36 1.70 1.29 1.03 0.89 0.83 0.83 0.89 1.03 1.29 1.70 2.36 3.39 5.00 
5.00 3.43 2.43 1.80 1.40 1.17 1.03 0.97 0.97 1.03 1.17 1.40 1.80 2.43 3.43 5.00 
5.00 3.49 2.55 1.97 1.62 1.40 1.29 1.23 1.23 1.29 1.40 1.62 1.97 2.55 3.49 5.00 
5.00 3.61 2.77 2.27 1.97 1.80 1.70 1.65 1.65 1.70 1.80 1.97 2.27 2.77 3.61 5.00 
5.00 3.82 3.15 2.77 2.55 2.43 2.36 2.33 2.33 2.36 2.43 2.55 2.77 3.15 3.82 5.00 
5.00 4.20 3.82 3.61 3.49 3.43 3.39 3.37 3.37 3.39 3.43 3.49 3.61 3.82 4.20 5.00 
5.00 5.00 5.00 5.00 5.00 5.00 5.00 5.00 5.00 5.00 5.00 5.00 5.00 5.00 5.00 5.00 

Processing time: 0.663552 (ms)
